
2291974371612839
1589927689402918
1326520635592040
1402880475039778
2064847444131194
1970928673425258
37180295084949336
2068974520640085
1932821684079787
803618489286659
1822774535358725
1026682473626720
2248499202649002
1515090070343963
818544161034027
1010722541581961
1578749750479533
2354205828415318
1037578812559183
881876061648078
1670746184216916
1001836312303501
27035342292809004
2014230879197316
1773778463946607
2001162744161153
1415220130651326
960206960391155
1046829814552653
2822315021459110
27297715166513292
906506935252872
1694445465002895
2700583106992794
1042842061454584
1298168608860195
2031640561073668
1581254920064840
2859532027732294
1413598917534675
996139180122565
1719564455728634
1988999351982951
1456596332931621
833084873140923
1560876408854859
1361843638835412
2351818748849455
1254907729840847
1990338354975072
1285346343369400
969734855911300
1632083511956134
1722635335670695
1015776311052677
800780603003460
27545620561756819
2082339295652647
905718699094986
2152908422243825
1439758438022523
1008203611840325
27899530779699963
1069003939145694
3092785554252656
2645310869200336
1024488893687580
1608162986951653
1014614584381804
1554289606074251
4175550919255025
1449099440147531
2075060589778038